7486388824
438909273
5001887459
5843387693
797075047
1737616189
5716820710
5022927172
1971056365
1689113547
5659510700
5008962983
5634061800
5247534865
5991582755
630269268
769383059
5070208333
5457941540
1597371898
5648792154
7328385482
5413335083
6931037954
5228569525
6949748756
5481767370
1270650357
7365108267
5047452312
5003390717
2035792826
5618643352
6916682204
1724881316
987602040
6298037976
1479932882
5656436044
5839347619
5298771847
748983441
92657875
5264681137
6631680107
1109457064
1181470045
1672331254
5662291699
5710259764
980308174
5902750516
1582785179
5655006714
1355377645
433706074
5313758091
7697685196
7415001602
5434395711
1868364990
5821779364
566543254
5275911013
6255618530
868363519
6359946262
6760506606
972847696
6281080715
669313889
7825395077
903952368
6098988258
5760370619
6592851219
6342322468
7486375871
6773076987
5483777586
279308653
5654814964
6309565171
5974407268
1166499194
5453019870
1505741558
1840642589
1902063539
913259149
5129071917
1731461272
1284109466
5632026626
5289256654
5754661254
1903315994
6135372781
1196206801
2020650681
6373220522
1249571438
517632776
5729269454
8198572305
6811440831
6247607165
7969589859
7688654866
846320386
1543800947
7458881069
6829597500
5729036804
5580073396
1008702501
6500622072
617544924
6926608715
1886837446
6502682036
6046156984
6516038600
5091104756
5611564931
7533203596
5677886001
1396727214
5719945240
1411433428
1916921416
1267639301
2040701671
1334135899
5235639221
783867279
541157174
782357894
7789887875
533108426
5428558664
7530827543
527541548
2020029212
7131350420
8065544698
1835361364
2135223146
7495258360
5047400864
5961777684
6014626020
1440110620
1047454990
6082282624
5964673017
1332611713
5536432555
5911357291
1376366540
5658404286
5761434083
1928515981
677410907
5825736145
682306985
5059787690
962966456
5778789135
5032481436
7050829465
5839790782
403422034
5236578079
2078949145
5578187118
5825250817
5032138055
7838208671
1623091643
2055840343
6858945699
5520524051
6948307408
6596084884
376870671
8130246689
5103036351
7115769164
6713147652
8089497671
5670004375
5017946425
6392388534
1554146618
6554695023
1165545127
6436202141
5739626948
1539273340
5851242209
7758174086
1483016210
2121382060
404308754
7124132866
1930430682
7129549476
1232000274
5553997857
5495265860
1632334387
2103594891
1365023020
1639086801
1395488618
1490555133
8132603665
5823781658
6551451059
6533076617
5027851787
6425423668
7134648916
6571867936
5045878061
5782982478
5675406051
1199991633
6118785367
7867283589
1627701779
663757399
1104435297
5017687734
5790083285
506852555
1716644249
5191155765
6671535129
6289291434
1328008354
6584173916
6596457759
1758031401
313246192
5613020493
1335772936
2126907597
6268126048
1840461364
5863399386
8183101445
463036568
6596940997
6367108873
1417351384
6080874336
944506270
6056215475
1024008678
7651819775
6495152796
1339262880
5726711617
5082308741
6724339041
1991690971
1436531504
5356396766
5332236974
865423736
5445271217
2018840181
1623448299
508168890
5706467808
1266191455
2132507758
5006826582
5153499886
912406482
5127313117
1888689415
1618759082
2007453656
5297142206
5103869562
5941087298
5692407798
5156997353
6361397349
818765905
1729953766
5054432383
1947775074
6906308136
5487517657
753436135
6151572048
6316442266
864917864
5081247582
6341803125
6613625021
5474890503
1226900800
5962411441
7144139725
6972866847
1332464847
6904900135
5790684918
6112473521
1759123235
6050610252
7111798214
5222399677
1489065644
5900073265
2128478266
881660644
6408320175
5728466207
1123619501
227367169
271121399
641953119
6820948104
509484259
7213613539
56745555
6732824763
5322235893
5510458887
5002735275
1445482510
7394392866
5793994132
7347974742
6979866291
5947311095
1092517718
438182477
7180641435
6526236708
5411081846
5979439928
6904178066
6522314771
6779601737
1639800392
6340154946
6557363514
7341477367
6933586088
6671247264
7257288194
1838560521
1024485077
5827460701
693662778
5949302287
6376477981
1859916267
7125273735
1283642054
1303922858
1468503437
5354687056
5146583761
1314788156
5776292243
5121977118
928042736
5918269902
6121048347
1129475298
2012001920
1494038301
1562122003
5732184416
1723786145
1609735798
5475332981
6249832468
1740709162
5796538145
5248627281
623576641
5880578780
1614490760
6033899365
5108146574
1724503821
5927095454
5664462601
5159137118
1977788753
5008006737
5440365443
5290191871
1684059541
6052447398
5650454909
1811755349
771463558
